Initial distribution for simulator: 5000 gene lognormally distributed with mean 480 
422
264
699
171
327
388
381
440
350
341
320
192
495
775
555
117
740
205
405
417
457
183
321
184
272
461
706
337
244
198
502
683
404
193
563
434
799
876
375
750
519
444
130
268
61
407
415
367
163
339
874
409
259
620
397
657
482
382
720
244
164
536
407
708
390
310
746
204
351
473
166
298
1484
566
196
281
1048
556
350
234
1178
518
634
375
670
297
425
1138
235
762
764
317
956
415
285
408
480
260
380
494
232
701
264
607
248
423
704
555
235
268
303
407
489
136
516
200
347
1076
562
713
338
478
372
230
455
441
182
599
699
842
163
526
675
213
399
163
1587
506
476
578
287
263
383
526
981
574
157
439
340
411
595
413
437
278
455
437
238
425
185
346
554
257
553
655
500
512
1452
697
125
218
564
683
602
293
151
1564
531
376
257
136
159
334
990
215
184
358
248
379
341
588
289
665
143
257
224
1185
247
239
117
729
396
1601
297
1251
424
526
279
207
885
520
62
526
695
842
368
200
478
139
647
326
86
830
292
235
383
331
622
273
748
1495
487
229
325
333
209
136
581
1360
320
235
622
229
661
701
1521
231
388
287
339
685
414
966
524
1103
411
187
434
502
371
267
289
900
232
598
326
406
275
963
697
387
419
645
96
848
576
335
707
848
256
760
406
245
130
119
270
353
717
235
700
474
1848
100
478
3954
320
1036
350
1405
172
254
245
206
484
224
1500
183
738
287
123
564
258
207
707
206
619
207
144
377
138
396
467
561
483
527
561
518
741
429
412
506
1709
771
235
194
292
466
205
436
925
184
298
372
152
82
159
414
273
190
1353
484
183
487
314
902
742
742
848
926
344
320
427
278
908
437
221
316
159
216
265
256
632
184
335
196
143
326
848
358
250
404
612
137
325
215
412
955
623
455
193
488
231
1646
176
550
481
241
271
281
879
212
397
151
754
324
178
275
148
290
387
1394
412
426
227
509
237
307
99
199
600
636
394
420
458
344
292
198
543
182
199
556
344
584
608
356
516
277
231
1092
391
148
423
441
440
202
608
366
475
229
710
283
351
814
171
963
424
134
1080
277
415
355
576
799
231
667
312
832
82
337
125
114
287
79
258
327
497
385
243
512
1019
266
980
347
691
342
248
713
590
171
351
456
372
280
1619
182
420
321
276
298
802
266
263
623
338
1043
624
430
507
166
337
1866
61
600
627
1566
239
160
539
229
1493
397
251
562
420
112
403
280
266
727
564
1168
290
781
250
194
400
334
60
191
694
335
477
412
530
603
635
453
204
875
317
347
514
298
202
461
245
539
943
382
192
266
601
922
793
761
995
397
872
420
591
402
1128
302
400
359
488
416
440
291
445
579
339
435
588
832
481
316
281
500
58
209
383
576
268
598
701
884
321
1173
337
409
1090
1022
150
588
439
783
318
630
417
422
964
571
238
68
195
593
1032
408
413
587
609
278
186
271
448
443
947
236
221
169
134
538
527
733
618
288
209
931
581
123
269
994
212
305
890
1317
307
468
240
456
417
371
2404
317
440
340
885
285
317
832
213
163
415
471
1631
542
200
664
489
139
291
474
175
391
145
403
185
1148
701
358
259
442
512
357
810
299
218
331
165
251
883
448
185
799
401
324
701
315
386
290
360
384
581
474
373
279
450
131
479
175
222
772
291
992
1360
1245
367
708
435
309
213
663
354
315
353
273
342
229
397
624
265
338
756
163
706
107
382
351
348
1950
671
903
68
940
255
695
328
897
260
1208
389
159
281
471
661
949
803
291
219
390
654
595
100
1890
201
1773
609
149
417
702
628
303
332
804
434
923
399
568
410
685
256
236
552
156
362
713
824
144
316
311
228
215
519
261
689
349
462
381
296
345
485
2137
459
412
371
323
370
426
972
314
439
592
294
488
494
338
227
848
908
255
709
399
713
273
358
258
490
2167
2607
243
425
357
547
108
228
306
108
373
472
618
250
396
599
269
512
96
676
190
495
401
95
219
203
58
288
626
1062
166
228
526
968
95
160
133
242
74
144
401
191
211
198
214
274
497
527
701
177
97
384
53
189
826
303
696
1041
566
1103
470
458
343
485
763
246
276
272
518
770
640
553
152
826
298
407
306
346
780
594
436
320
1120
188
466
409
249
313
1445
350
275
160
2124
177
652
207
201
310
489
841
318
423
357
767
301
151
179
375
423
812
201
323
707
466
435
262
537
375
1588
501
730
123
381
1107
148
439
351
497
196
255
578
2201
166
745
368
301
227
324
576
387
918
282
575
457
213
183
695
315
300
171
623
534
1504
165
573
1796
223
413
455
496
874
265
143
112
1396
1045
278
569
244
521
349
658
581
340
1434
156
883
272
433
444
686
355
692
666
432
120
145
1095
824
774
579
921
154
341
300
479
1407
228
165
236
275
456
524
365
255
420
342
531
311
98
401
308
420
278
374
308
302
291
308
198
358
325
219
525
264
353
892
196
677
103
620
238
510
1284
1181
760
435
233
510
643
440
275
587
713
1036
461
330
387
226
385
699
194
484
2440
271
136
210
493
500
677
275
256
313
665
416
396
389
486
413
492
319
335
346
364
193
482
665
237
214
691
165
666
201
410
160
248
182
1814
981
588
244
651
244
524
531
349
652
567
279
768
560
399
402
767
143
530
199
112
312
119
200
292
379
411
2017
851
161
239
498
311
318
1108
1781
187
566
252
325
322
984
328
1186
403
402
498
420
575
331
1530
460
1100
387
746
337
70
301
65
556
488
339
366
122
284
93
263
746
313
669
376
491
144
173
235
199
299
864
281
464
285
1257
619
353
525
170
361
127
926
324
341
302
449
352
573
381
419
831
411
571
201
157
340
408
224
387
253
171
744
225
282
127
309
183
311
417
585
392
508
899
328
136
306
592
248
297
281
1647
335
414
526
565
326
680
288
593
433
119
181
392
795
574
388
1245
408
525
300
371
554
570
845
416
385
151
431
477
622
605
1507
699
1834
292
187
398
201
1095
2486
355
551
330
470
1012
252
453
758
386
316
317
184
397
527
1241
1505
378
208
457
718
277
361
1001
240
1082
341
340
317
279
807
506
1023
281
643
538
236
422
419
139
314
440
462
421
182
634
513
409
279
461
397
345
398
802
495
332
226
180
172
778
200
173
672
496
598
502
188
248
1087
74
587
283
342
709
189
571
53
127
140
293
383
956
260
346
219
1344
284
214
234
327
108
548
264
499
430
465
652
904
335
510
447
445
661
196
531
588
349
531
339
375
939
106
429
181
732
630
230
228
304
520
1057
453
584
544
437
627
680
906
274
137
1248
331
502
103
336
245
355
187
492
487
478
884
321
400
405
227
188
259
569
433
291
141
379
700
254
422
406
408
651
302
199
762
643
187
420
428
496
554
430
1509
582
208
182
260
468
470
262
726
1591
1166
462
896
480
754
71
267
384
154
134
241
2633
358
686
1150
212
549
387
569
488
684
293
284
791
243
319
488
368
264
294
311
975
546
311
278
369
744
416
930
165
328
362
551
2822
274
337
445
442
311
363
193
957
315
212
411
236
223
260
487
613
340
680
168
383
919
257
841
759
465
770
713
439
457
384
256
575
220
345
164
83
82
322
473
472
719
230
383
437
502
185
183
552
327
208
307
568
418
281
291
337
624
424
83
255
117
1031
491
642
219
492
393
277
216
950
491
134
428
624
482
795
64
200
238
366
474
111
242
568
562
1723
1594
375
383
203
367
870
255
274
301
502
323
635
561
296
127
141
382
632
906
279
609
786
142
1587
723
319
448
734
211
247
787
247
622
212
560
668
696
419
523
1130
685
406
1008
215
324
221
211
452
254
399
452
1217
774
612
339
169
341
525
399
307
219
422
439
218
283
347
406
1059
478
121
177
281
396
727
635
353
268
870
679
1718
812
417
591
434
270
74
1326
395
494
247
498
385
104
753
218
749
78
355
479
116
1277
1215
534
388
1322
176
349
303
664
489
961
466
437
417
464
314
490
697
736
756
599
689
167
365
142
486
403
286
401
310
515
371
133
615
210
175
906
356
137
535
188
1130
289
293
990
168
295
480
1330
733
586
803
434
249
562
333
335
601
1000
684
1372
641
612
696
498
489
894
266
391
686
211
341
235
374
575
284
196
292
589
355
539
373
317
705
273
241
634
212
446
277
737
587
938
419
328
335
414
242
941
485
135
327
361
280
117
381
334
887
380
444
616
118
626
528
1002
110
153
162
1000
308
346
303
178
623
273
157
348
161
208
737
1345
398
314
765
805
1022
1152
807
421
182
122
596
385
1317
417
328
395
576
603
204
477
140
1428
307
259
183
420
245
542
363
497
349
1699
541
808
524
500
216
298
522
651
199
1183
337
405
333
182
402
702
431
321
542
218
366
240
713
488
1219
305
535
280
508
340
294
196
846
4537
152
430
310
392
271
513
1235
401
809
540
317
373
1181
1342
708
154
134
289
479
101
502
645
358
377
889
389
600
1088
80
428
277
672
1816
75
241
261
244
420
490
191
312
433
1240
147
758
1080
349
936
301
296
257
313
555
388
340
269
167
282
433
545
597
683
158
285
866
276
238
464
452
187
156
1337
195
176
186
2087
331
818
218
1201
777
823
419
504
360
1780
238
447
1024
177
150
301
742
454
511
279
656
353
283
616
229
348
586
358
415
393
192
199
170
482
280
136
364
1362
462
522
229
321
314
385
250
149
202
450
165
351
302
1319
170
582
790
390
438
292
809
519
328
621
1056
495
335
777
296
974
310
421
449
435
411
303
374
236
406
538
230
1021
304
438
277
519
259
913
90
237
1728
539
448
614
820
474
303
343
160
312
177
353
505
331
509
509
261
292
247
739
1188
216
823
231
636
48
532
126
399
492
603
594
543
518
605
694
284
641
807
622
218
328
375
412
153
266
101
108
213
565
169
224
510
653
505
76
363
611
385
462
285
754
64
619
734
597
899
1351
349
517
1036
403
1216
512
531
886
420
91
214
48
323
819
502
1245
298
606
661
641
688
290
208
1312
375
303
200
221
1042
299
715
407
775
193
404
703
542
175
138
355
589
196
308
613
368
229
445
183
508
1042
511
156
929
1023
349
714
1209
236
307
814
357
449
962
584
588
346
464
317
211
396
717
1486
422
509
378
375
696
393
448
768
483
719
395
144
560
336
305
509
478
422
509
241
272
144
966
636
706
1440
442
349
234
398
594
574
472
410
338
1407
303
306
398
818
583
152
304
1197
370
273
293
1406
311
661
205
399
265
464
229
820
154
164
753
810
705
313
339
146
1039
235
203
71
460
366
932
310
483
315
177
152
408
265
867
728
241
552
273
234
401
210
174
576
287
199
105
570
136
344
286
463
829
306
457
175
1024
772
136
438
1212
737
182
437
607
78
406
424
192
728
935
349
189
340
165
778
296
568
210
675
496
256
489
153
142
803
171
304
694
231
198
219
246
1588
1273
527
238
989
138
370
325
632
595
1714
786
243
439
422
872
322
546
177
521
650
358
380
959
389
369
555
971
314
569
419
497
207
457
522
944
211
264
208
481
150
335
596
115
1371
221
209
418
807
757
377
763
713
291
207
895
203
597
207
554
711
217
519
148
923
224
238
533
572
460
406
326
507
133
140
901
336
1228
701
390
259
325
288
230
624
1035
471
217
260
124
556
224
343
243
292
1066
465
1148
446
1176
207
440
342
183
254
468
225
98
313
133
224
261
178
324
407
642
297
537
417
277
209
393
537
361
643
333
308
244
352
169
732
249
692
543
329
378
333
1106
516
402
283
986
156
260
269
128
542
507
245
348
206
289
428
1077
252
93
221
530
354
352
344
154
419
320
115
359
404
542
718
385
496
689
342
223
162
602
668
631
187
273
192
383
410
643
236
169
284
384
511
546
868
297
492
323
1083
452
348
384
280
319
326
167
365
181
321
55
256
207
244
431
631
222
1843
588
544
319
417
334
460
463
691
176
683
388
268
587
652
548
149
360
1324
121
391
499
503
282
362
539
204
545
325
180
391
142
496
223
443
198
376
241
325
440
112
509
399
887
170
447
564
222
156
672
490
474
225
1158
306
370
398
455
335
196
335
317
423
501
272
643
367
697
208
537
187
597
658
320
937
604
143
1500
388
970
581
662
299
544
779
568
386
344
430
314
289
235
120
2471
203
308
267
1298
946
390
177
3603
521
412
540
1988
204
377
202
214
799
329
209
568
1328
325
166
1215
288
226
302
119
1414
99
629
499
656
120
342
384
266
298
1422
595
182
452
1141
917
819
506
206
870
911
158
792
322
183
266
203
575
638
169
267
254
313
502
211
460
531
452
267
130
381
263
370
229
601
113
349
738
448
251
284
395
493
618
463
203
204
1343
166
91
701
282
270
348
410
1175
608
1088
797
827
455
465
248
363
415
320
280
530
1320
316
299
733
574
647
224
528
194
400
474
217
984
1002
190
497
879
468
422
127
259
442
316
664
125
786
292
612
485
300
243
477
277
216
519
301
630
179
638
580
406
510
317
626
575
230
157
493
651
664
120
382
236
1414
576
448
202
544
698
169
329
410
306
213
323
1579
282
1179
482
911
323
233
400
616
176
374
697
237
498
258
690
342
310
323
157
407
565
1189
103
681
836
745
258
1034
461
706
919
451
257
357
210
249
462
2733
253
513
426
305
684
405
409
156
86
277
807
415
286
154
304
337
177
270
445
462
1205
290
265
746
191
192
369
1062
604
466
1645
640
214
455
822
669
281
655
186
178
343
392
1094
522
131
495
547
602
189
206
215
585
375
367
388
277
477
943
442
580
534
288
281
480
255
289
832
471
515
205
581
188
295
502
498
423
348
470
356
1302
380
242
412
362
378
858
742
935
537
433
1158
490
242
370
1146
1040
249
239
1030
189
1177
153
1522
401
489
341
176
334
662
314
236
803
403
288
108
581
591
212
139
482
212
241
363
655
79
213
132
222
248
1187
224
390
289
562
431
560
535
270
700
322
394
391
295
523
365
124
928
336
218
507
612
238
373
512
909
1527
516
574
443
1286
169
256
696
905
320
163
212
661
222
249
496
630
241
459
522
760
390
620
622
135
561
1360
209
628
394
466
155
343
312
245
138
173
1523
177
207
212
1036
361
641
516
178
223
278
761
860
720
477
259
614
149
181
387
572
380
446
468
326
159
132
728
126
720
424
314
1638
248
537
929
143
271
603
250
345
363
387
556
561
702
162
844
445
427
133
398
361
387
401
350
407
1069
722
485
474
393
269
285
431
1101
277
1701
400
251
130
596
608
181
451
865
279
375
601
338
586
327
213
241
216
332
948
213
614
303
726
369
465
586
294
287
1047
877
776
1534
440
358
821
576
378
1035
104
193
258
311
1069
245
362
256
474
824
383
218
739
1245
323
549
939
1229
655
489
621
283
428
927
330
703
256
569
215
499
578
469
417
583
713
222
911
709
248
927
1329
420
464
368
268
193
797
470
337
158
878
611
617
391
264
374
825
149
228
69
420
172
480
305
572
147
374
259
592
222
919
496
168
190
471
255
354
603
1096
877
439
254
600
276
317
405
823
527
339
174
397
1663
194
357
778
1059
263
557
152
295
919
555
380
265
161
170
467
771
115
440
202
310
514
418
245
320
391
314
260
346
522
491
199
560
528
1489
726
174
375
650
215
750
345
384
399
145
885
924
1580
626
164
322
315
350
531
430
410
114
124
288
365
336
207
158
400
668
324
397
614
208
813
661
80
268
683
174
508
288
492
515
463
355
431
346
570
173
249
663
325
906
1182
216
158
265
687
370
281
453
755
230
604
463
875
493
417
522
1782
1532
823
408
422
587
1098
709
410
173
131
753
292
788
120
507
135
284
533
1715
255
748
375
587
568
502
481
383
972
500
473
316
1124
487
438
307
161
208
466
129
259
421
255
498
192
105
327
272
158
524
644
869
803
179
169
1089
162
101
571
477
1178
249
105
410
81
639
825
419
280
387
481
224
927
171
1120
622
426
292
372
343
307
769
1015
246
782
420
622
79
336
1033
499
429
318
120
267
341
1046
231
264
617
380
508
231
916
496
340
376
384
386
505
149
459
1068
458
185
831
370
129
1078
779
445
222
342
179
664
237
484
919
248
593
103
434
1124
152
320
544
619
587
475
339
322
296
157
1670
254
384
216
291
397
218
116
179
688
351
357
321
217
405
318
401
512
705
308
618
432
819
510
222
493
199
1109
1091
262
340
1430
644
198
307
607
475
217
207
701
362
565
484
432
124
190
404
382
792
545
464
638
545
163
277
191
171
452
580
173
590
289
405
149
702
160
115
737
799
423
935
510
769
322
275
704
441
449
780
869
194
204
162
675
248
216
501
356
408
193
1487
667
295
737
379
995
1247
413
325
223
215
367
188
521
438
265
850
1565
390
625
633
494
335
634
317
290
958
253
243
208
223
413
131
520
337
599
211
527
94
1128
407
162
244
378
625
711
96
374
426
364
609
466
341
146
457
206
450
280
482
368
277
745
357
778
467
462
247
279
627
165
635
649
469
181
567
260
397
268
308
376
746
145
246
223
1179
434
448
651
704
519
585
317
465
478
649
211
82
393
397
963
324
166
149
1232
307
548
167
345
687
316
338
193
302
594
367
331
454
615
415
611
353
348
251
275
353
422
251
101
257
997
325
293
520
683
210
298
273
310
509
230
418
255
315
226
216
552
709
300
360
250
545
680
327
386
330
415
494
581
270
1062
405
334
231
245
499
752
471
391
660
360
252
208
293
152
236
519
513
139
154
304
1858
475
559
346
218
976
542
448
400
879
285
979
304
1049
247
200
392
481
726
200
303
183
711
251
435
328
258
923
312
561
1005
1665
447
378
443
916
557
900
418
187
194
1204
799
367
825
438
917
613
218
1001
209
1069
296
383
542
368
826
1174
525
206
548
496
593
202
460
383
282
609
141
948
234
220
265
691
154
425
282
203
603
395
513
361
503
129
247
494
193
246
768
300
243
668
247
620
230
154
391
216
571
329
131
807
574
229
169
345
413
187
291
522
920
129
510
286
342
294
304
220
455
388
279
765
305
206
845
589
482
566
369
601
313
116
700
366
609
987
334
229
1006
452
341
242
345
634
70
702
245
466
571
830
832
428
681
502
795
737
981
244
280
157
216
369
234
251
2553
258
110
422
304
455
668
168
276
418
261
2211
355
819
178
293
184
154
2384
293
1425
769
303
579
511
234
568
557
322
364
284
165
274
461
942
333
406
214
183
766
513
307
185
454
441
360
952
427
270
459
75
245
292
171
349
241
897
149
701
328
730
597
472
272
373
574
384
337
389
250
320
574
1449
307
390
248
428
699
117
286
183
330
295
105
489
143
223
507
113
495
334
330
262
1070
1387
501
761
584
1040
481
440
370
562
283
248
784
307
726
342
1868
425
961
286
874
705
371
352
199
388
251
749
331
339
218
568
198
617
398
291
176
540
596
186
338
1050
541
643
681
618
439
300
423
968
901
148
460
1230
801
344
897
342
594
217
147
319
1306
277
505
401
119
1455
202
290
662
273
615
291
560
517
442
660
545
562
637
119
499
208
401
327
606
528
108
403
465
258
665
408
262
328
397
300
321
684
206
758
245
179
372
425
239
243
587
251
397
618
226
267
194
413
340
256
111
193
891
572
922
243
375
692
442
201
1371
457
555
568
390
656
429
138
413
806
197
260
199
139
232
152
1301
1015
652
145
572
412
148
367
1292
896
405
245
715
287
686
413
528
522
308
1272
470
210
289
289
304
297
526
766
1291
267
410
389
654
131
392
282
224
275
212
377
1387
699
277
200
279
258
122
931
272
276
194
407
150
784
489
757
269
917
478
251
172
420
291
218
587
408
746
137
542
475
271
953
605
968
417
297
609
340
230
110
165
911
178
1031
191
422
551
260
430
297
438
217
1247
249
245
719
1078
938
549
410
339
332
323
488
742
229
426
546
542
238
697
269
840
710
513
503
204
1529
344
319
327
237
312
604
453
344
393
820
318
350
351
192
688
1009
179
275
206
679
903
431
296
183
401
404
196
350
438
247
485
356
887
586
275
735
277
406
335
102
861
295
1308
360
612
440
204
165
251
136
184
224
683
264
624
297
361
306
234
718
215
583
1206
890
528
364
894
338
512
425
68
225
811
189
202
488
299
435
588
136
202
348
222
565
505
349
264
419
380
334
486
327
592
137
396
218
740
1427
579
342
691
671
571
111
156
623
856
412
1692
155
648
1082
518
291
325
509
491
218
511
293
578
878
430
409
482
2238
770
388
593
356
429
76
263
435
221
312
349
177
826
166
461
326
294
791
219
285
710
440
528
308
328
499
228
329
530
737
610
510
418
525
489
350
575
1154
375
216
431
279
222
322
262
367
274
459
474
514
281
685
483
513
807
364
399
745
252
322
617
474
856
353
460
331
597
728
351
831
332
148
1356
138
412
427
142
781
809
257
619
980
200
943
195
2334
658
327
305
557
272
638
2043
342
155
308
364
186
313
70
399
611
643
641
483
272
559
1041
792
203
624
231
355
215
541
630
208
331
1421
359
558
255
153
534
794
259
677
1416
551
248
840
262
1749
284
526
565
422
258
767
799
856
795
461
1057
552
208
628
568
1005
492
445
760
501
290
577
644
1347
253
267
851
505
211
432
617
785
189
519
316
1139
883
187
184
401
387
213
297
465
120
281
941
2323
123
658
323
134
223
438
911
362
886
660
463
733
970
284
261
273
182
124
621
349
292
583
2113
375
266
356
394
343
554
334
61
516
883
138
171
470
510
239
313
717
280
616
261
619
509
294
319
310
281
464
663
244
443
236
493
464
437
271
958
478
313
408
665
370
1898
1296
896
518
766
439
129
2052
415
173
175
331
226
699
173
349
412
277
644
456
417
206
418
168
653
258
290
256
318
661
553
365
298
347
281
208
279
524
1033
361
348
400
359
1048
803
1080
225
286
292
245
278
849
342
381
909
285
571
265
267
376
374
551
608
204
1115
397
378
1358
413
531
389
768
673
344
494
663
214
517
866
314
532
390
348
203
619
287
218
626
221
439
127
174
156
218
283
541
243
340
340
266
722
313
385
334
500
110
200
487
397
753
252
304
289
380
529
97
431
491
832
235
207
630
230
206
556
316
352
500
198
534
584
151
373
285
307
221
676
941
282
1098
431
255
1083
683
390
284
150
640
958
282
431
1148
196
226
561
326
218
354
678
340
226
737
232
878
976
415
1049
853
248
392
541
992
519
304
240
423
961
798
1343
399
1354
335
1057
239
275
694
515
199
382
286
384
256
448
401
563
380
184
100
788
278
177
584
418
431
750
516
239
1334
544
385
777
301
471
112
419
270
399
981
372
290
1892
525
231
369
367
117
214
515
183
894
843
190
246
358
1513
529
655
156
392
385
163
362
403
315
585
1081
194
622
408
2026
512
303
166
525
805
212
1674
1308
191
701
314
448
109
90
362
471
139
574
726
340
466
254
1338
348
322
532
304
623
799
774
620
561
557
157
763
582
448
608
754
267
197
386
325
310
119
421
355
601
437
315
165
538
610
261
266
309
123
683
208
313
330
84
205
237
214
203
122
489
129
325
646
335
778
1324
207
428
455
652
861
550
468
283
455
864
463
647
456
389
98
469
1265
546
183
234
958
418
359
575
432
427
227
105
922
342
246
83
201
506
322
303
